1 0 19000000 0 2 0
0
1
250 500
-1
-1
-1
0
1
241 462
-1
-1
-1
0
1
241 462
-1
-1
-1
0
1
241 462
1
241 412 
1
241 412 
-1
-1
-1
0
1
241 462
1
241 392 
1
241 392 
-1
-1
-1
0
1
241 462
1
241 372 
1
241 372 
-1
-1
-1
0
1
239 457
1
241 352 
1
241 352 
1
241 412 
1
241 412 
-1
-1
-1
0
1
239 456
1
241 332 
1
241 332 
1
241 392 
1
241 392 
-1
1
239 0 -2 3
1
-1
-1
0
1
239 456
1
241 312 
1
241 312 
1
241 372 
1
241 372 
1
239 406 
1
239 406 
-1
1
237 3 -2 3
1
-1
-1
0
1
239 456
1
241 292 
1
241 292 
1
241 352 
1
241 352 
1
239 386 
1
239 386 
-1
1
235 6 -2 3
1
-1
-1
0
1
239 456
1
241 272 
1
241 272 
1
241 332 
1
241 332 
1
239 366 
1
239 366 
-1
1
233 9 -2 3
1
-1
-1
0
1
233 456
1
241 252 
1
241 252 
1
241 312 
1
241 312 
1
239 346 
1
239 346 
1
239 406 
1
239 406 
-1
1
231 12 -2 3
1
-1
-1
0
1
212 453
1
241 232 
1
241 232 
1
241 292 
1
241 292 
1
239 326 
1
239 326 
1
239 386 
1
239 386 
-1
1
229 15 -2 3
1
-1
-1
0
1
190 448
1
241 212 
1
241 212 
1
241 272 
1
241 272 
1
239 306 
1
239 306 
1
239 366 
1
239 366 
-1
1
227 18 -2 3
1
-1
-1
0
1
184 447
1
241 192 
1
241 192 
1
241 252 
1
241 252 
1
239 286 
1
239 286 
1
239 346 
1
239 346 
-1
1
225 21 -2 3
1
-1
-1
0
1
182 447
1
241 172 
1
241 172 
1
241 232 
1
241 232 
1
239 266 
1
239 266 
1
239 326 
1
239 326 
1
184 397 
1
184 397 
-1
1
223 24 -2 3
1
2
344 0 1 4
5
-1
-1
0
1
182 447
1
241 152 
1
241 152 
1
241 212 
1
241 212 
1
239 246 
1
239 246 
1
239 306 
1
239 306 
1
184 377 
1
184 377 
-1
1
221 27 -2 3
1
2
343 4 -1 4
5
-1
-1
0
1
182 447
1
241 132 
1
241 132 
1
241 192 
1
241 192 
1
239 226 
1
239 226 
1
239 286 
1
239 286 
1
184 357 
1
184 357 
-1
1
219 30 -2 3
1
2
342 8 -1 4
5
-1
-1
0
1
183 441
1
241 112 
1
241 112 
1
241 172 
1
241 172 
1
239 206 
1
239 206 
1
239 266 
1
239 266 
1
184 337 
1
184 337 
1
182 393 
1
182 393 
-1
1
217 33 -2 3
1
2
341 12 -1 4
5
-1
-1
0
1
183 436
1
241 92 
1
241 92 
1
241 152 
1
241 152 
1
239 186 
1
239 186 
1
239 246 
1
239 246 
1
184 317 
1
184 317 
1
182 373 
1
182 373 
-1
1
215 36 -2 3
1
2
340 16 -1 4
5
-1
-1
0
1
183 433
1
241 72 
1
241 72 
1
241 132 
1
241 132 
1
239 166 
1
239 166 
1
239 226 
1
239 226 
1
184 297 
1
184 297 
1
182 353 
1
182 353 
-1
1
213 39 -2 3
1
2
339 20 -1 4
5
-1
-1
0
1
186 430
1
241 52 
1
241 52 
1
241 112 
1
241 112 
1
239 146 
1
239 146 
1
239 206 
1
239 206 
1
184 277 
1
184 277 
1
182 333 
1
182 333 
-1
1
211 42 -2 3
1
2
338 24 -1 4
5
-1
-1
0
1
187 430
1
241 32 
1
241 92 
1
241 92 
1
239 126 
1
239 126 
1
239 186 
1
239 186 
1
184 257 
1
184 257 
1
182 313 
1
182 313 
1
186 380 
1
186 380 
-1
2
337 28 -1 4
5
-1
-1
0
1
187 430
1
241 12 
1
241 72 
1
241 72 
1
239 106 
1
239 106 
1
239 166 
1
239 166 
1
184 237 
1
184 237 
1
182 293 
1
182 293 
1
186 360 
1
186 360 
-1
2
336 32 -1 4
5
-1
-1
0
1
187 430
1
241 -8 
1
241 52 
1
241 52 
1
239 86 
1
239 86 
1
239 146 
1
239 146 
1
184 217 
1
184 217 
1
182 273 
1
182 273 
1
186 340 
1
186 340 
-1
2
335 36 -1 4
5
2
381 0 -2 4
5
-1
-1
0
1
187 430
1
241 -28 
1
241 32 
1
241 32 
1
239 66 
1
239 66 
1
239 126 
1
239 126 
1
184 197 
1
184 197 
1
182 253 
1
182 253 
1
186 320 
1
186 320 
1
187 380 
1
187 380 
-1
2
334 40 -1 4
5
2
379 4 -2 4
5
-1
-1
0
1
189 428
1
241 32 
1
241 12 
1
239 46 
1
239 46 
1
239 106 
1
239 106 
1
184 177 
1
184 177 
1
182 233 
1
182 233 
1
186 300 
1
186 300 
1
187 360 
1
187 360 
-1
2
333 44 -1 4
5
2
377 8 -2 4
5
-1
-1
0
1
190 426
1
241 12 
1
241 -8 
1
239 26 
1
239 26 
1
239 86 
1
239 86 
1
184 157 
1
184 157 
1
182 213 
1
182 213 
1
186 280 
1
186 280 
1
187 340 
1
187 340 
-1
2
332 48 -1 4
5
2
375 12 -2 4
5
-1
-1
0
1
192 422
1
241 -8 
1
241 -28 
1
239 6 
1
239 6 
1
239 66 
1
239 66 
1
184 137 
1
184 137 
1
182 193 
1
182 193 
1
186 260 
1
186 260 
1
187 320 
1
187 320 
-1
2
331 52 -1 4
5
2
373 16 -2 4
5
-1
-1
0
1
192 420
1
241 -28 
1
239 6 
1
239 -14 
1
239 46 
1
239 46 
1
184 117 
1
184 117 
1
182 173 
1
182 173 
1
186 240 
1
186 240 
1
187 300 
1
187 300 
1
192 372 
1
192 372 
-1
2
330 56 -1 4
5
2
371 20 -2 4
5
-1
-1
0
1
192 420
1
239 6 
1
239 -34 
1
239 26 
1
239 26 
1
184 97 
1
184 97 
1
182 153 
1
182 153 
1
186 220 
1
186 220 
1
187 280 
1
187 280 
1
192 352 
1
192 352 
-1
2
329 60 -1 4
5
2
369 24 -2 4
5
-1
-1
0
1
192 420
1
239 -14 
1
239 26 
1
239 6 
1
184 77 
1
184 77 
1
182 133 
1
182 133 
1
186 200 
1
186 200 
1
187 260 
1
187 260 
1
192 332 
1
192 332 
-1
2
328 64 -1 4
5
2
367 28 -2 4
5
-1
-1
0
1
192 420
1
239 -34 
1
239 6 
1
239 -14 
1
184 57 
1
184 57 
1
182 113 
1
182 113 
1
186 180 
1
186 180 
1
187 240 
1
187 240 
1
192 312 
1
192 312 
1
192 370 
1
192 370 
-1
2
327 68 -1 4
5
2
365 32 -2 4
5
-1
-1
0
1
194 417
1
239 6 
1
239 -34 
1
184 37 
1
184 37 
1
182 93 
1
182 93 
1
186 160 
1
186 160 
1
187 220 
1
187 220 
1
192 292 
1
192 292 
1
192 350 
1
192 350 
-1
2
326 72 -1 4
5
2
363 36 -2 4
5
2
190 0 -2 2
5
-1
-1
0
1
200 412
1
239 -14 
1
184 37 
1
182 73 
1
182 73 
1
186 140 
1
186 140 
1
187 200 
1
187 200 
1
192 272 
1
192 272 
1
192 330 
1
192 330 
-1
2
325 76 -1 4
5
2
361 40 -2 4
5
2
192 2 2 2
4
-1
-1
0
1
221 407
1
239 -34 
1
182 53 
1
182 53 
1
186 120 
1
186 120 
1
187 180 
1
187 180 
1
192 252 
1
192 252 
1
192 310 
1
192 310 
-1
2
324 80 -1 4
5
2
359 44 -2 4
5
2
194 4 2 2
3
-1
-1
0
1
233 403
1
182 53 
1
186 100 
1
186 100 
1
187 160 
1
187 160 
1
192 232 
1
192 232 
1
192 290 
1
192 290 
1
221 357 
1
221 357 
-1
2
323 84 -1 4
5
2
357 48 -2 4
5
2
196 6 2 2
2
-1
-1
0
1
237 402
1
186 80 
1
186 80 
1
187 140 
1
187 140 
1
192 212 
1
192 212 
1
192 270 
1
192 270 
1
221 337 
1
221 337 
-1
2
322 88 -1 4
5
2
355 52 -2 4
5
2
198 8 2 2
1
-1
-1
0
1
239 401
1
186 60 
1
186 60 
1
187 120 
1
187 120 
1
192 192 
1
192 192 
1
192 250 
1
192 250 
1
221 317 
1
221 317 
-1
2
321 92 -1 4
5
2
353 56 -2 4
5
2
200 10 2 2
1
-1
-1
0
1
243 400
1
186 40 
1
187 100 
1
187 100 
1
192 172 
1
192 172 
1
192 230 
1
192 230 
1
221 297 
1
221 297 
1
243 350 
1
243 350 
-1
2
320 96 -1 4
5
2
351 60 -2 4
5
-1
-1
0
1
243 400
1
186 20 
1
187 80 
1
187 80 
1
192 152 
1
192 152 
1
192 210 
1
192 210 
1
221 277 
1
221 277 
1
243 330 
1
243 330 
-1
2
319 100 -1 4
5
2
349 64 -2 4
5
-1
-1
0
1
252 398
1
186 0 
1
187 60 
1
187 60 
1
192 132 
1
192 132 
1
192 190 
1
192 190 
1
221 257 
1
221 257 
1
243 310 
1
243 310 
-1
2
318 104 -1 4
5
2
347 68 -2 4
5
-1
-1
0
1
256 397
1
186 -20 
1
187 40 
1
187 40 
1
192 112 
1
192 112 
1
192 170 
1
192 170 
1
221 237 
1
221 237 
1
243 290 
1
243 290 
1
255 347 
1
255 347 
-1
2
317 108 -1 4
5
2
345 72 -2 4
5
1
349 0 -1 4
1
-1
-1
0
1
256 397
1
186 -40 
1
187 20 
1
187 20 
1
192 92 
1
192 92 
1
192 150 
1
192 150 
1
221 217 
1
221 217 
1
243 270 
1
243 270 
1
255 327 
1
255 327 
-1
2
316 112 -1 4
5
2
343 76 -2 4
5
1
348 4 -1 4
1
-1
-1
0
1
257 397
1
187 20 
1
187 0 
1
192 72 
1
192 72 
1
192 130 
1
192 130 
1
221 197 
1
221 197 
1
243 250 
1
243 250 
1
255 307 
1
255 307 
-1
2
315 116 -1 4
5
2
341 80 -2 4
5
1
347 8 -1 4
1
-1
-1
0
1
263 393
1
187 0 
1
187 -20 
1
192 52 
1
192 52 
1
192 110 
1
192 110 
1
221 177 
1
221 177 
1
243 230 
1
243 230 
1
255 287 
1
255 287 
1
257 347 
1
257 347 
-1
2
314 120 -1 4
5
2
339 84 -2 4
5
1
346 12 -1 4
1
-1
-1
0
1
272 381
1
187 -20 
1
187 -40 
1
192 32 
1
192 32 
1
192 90 
1
192 90 
1
221 157 
1
221 157 
1
243 210 
1
243 210 
1
255 267 
1
255 267 
1
257 327 
1
257 327 
-1
2
313 124 -1 4
5
2
337 88 -2 4
5
1
345 16 -1 4
1
-1
-1
0
1
290 345
1
187 -40 
1
192 32 
1
192 12 
1
192 70 
1
192 70 
1
221 137 
1
221 137 
1
243 190 
1
243 190 
1
255 247 
1
255 247 
1
257 307 
1
257 307 
-1
2
312 128 -1 4
5
2
335 92 -2 4
5
1
344 20 -1 4
1
-1
-1
0
1
296 325
1
192 32 
1
192 -8 
1
192 50 
1
192 50 
1
221 117 
1
221 117 
1
243 170 
1
243 170 
1
255 227 
1
255 227 
1
257 287 
1
257 287 
1
295 283 
1
295 283 
-1
2
311 132 -1 4
5
2
333 96 -2 4
5
1
343 24 -1 4
1
-1
-1
0
1
296 319
1
192 12 
1
192 -28 
1
192 30 
1
192 30 
1
221 97 
1
221 97 
1
243 150 
1
243 150 
1
255 207 
1
255 207 
1
257 267 
1
257 267 
1
295 263 
1
295 263 
-1
2
310 136 -1 4
5
2
331 100 -2 4
5
1
342 28 -1 4
1
-1
-1
0
1
296 319
1
192 -8 
1
192 30 
1
192 10 
1
221 77 
1
221 77 
1
243 130 
1
243 130 
1
255 187 
1
255 187 
1
257 247 
1
257 247 
1
295 243 
1
295 243 
-1
2
309 140 -1 4
5
2
329 104 -2 4
5
1
341 32 -1 4
1
1
304 0 0 6
1
-1
-1
0
1
292 317
1
192 -28 
1
192 10 
1
192 -10 
1
221 57 
1
221 57 
1
243 110 
1
243 110 
1
255 167 
1
255 167 
1
257 227 
1
257 227 
1
295 223 
1
295 223 
1
296 269 
1
296 269 
-1
2
308 144 -1 4
5
2
327 108 -2 4
5
1
340 36 -1 4
1
1
304 6 0 6
1
-1
-1
0
1
284 314
1
192 10 
1
192 -30 
1
221 37 
1
221 37 
1
243 90 
1
243 90 
1
255 147 
1
255 147 
1
257 207 
1
257 207 
1
295 203 
1
295 203 
1
296 249 
1
296 249 
-1
2
309 148 1 4
5
2
325 112 -2 4
5
1
339 40 -1 4
1
1
304 12 0 6
1
-1
-1
0
1
282 312
1
192 -10 
1
221 37 
1
221 17 
1
243 70 
1
243 70 
1
255 127 
1
255 127 
1
257 187 
1
257 187 
1
295 183 
1
295 183 
1
296 229 
1
296 229 
-1
2
310 152 1 4
5
2
323 116 -2 4
5
1
338 44 -1 4
1
1
304 18 0 6
1
-1
-1
0
1
282 311
1
192 -30 
1
221 17 
1
221 -3 
1
243 50 
1
243 50 
1
255 107 
1
255 107 
1
257 167 
1
257 167 
1
295 163 
1
296 209 
1
296 209 
-1
2
311 156 1 4
4
2
325 120 2 4
5
1
337 48 -1 4
1
1
304 24 0 6
1
-1
-1
0
1
275 311
1
221 17 
1
221 -23 
1
243 30 
1
243 30 
1
255 87 
1
255 87 
1
257 147 
1
257 147 
1
296 189 
1
296 189 
1
282 261 
1
282 261 
-1
2
312 160 1 4
3
2
327 124 2 4
5
1
336 52 -1 4
1
1
304 30 0 6
1
-1
-1
0
1
275 311
1
221 -3 
1
243 30 
1
243 10 
1
255 67 
1
255 67 
1
257 127 
1
257 127 
1
296 169 
1
282 241 
1
282 241 
-1
2
313 164 1 4
2
2
329 128 2 4
5
1
335 56 -1 4
1
1
304 36 0 6
1
-1
-1
0
1
275 311
1
221 -23 
1
243 10 
1
243 -10 
1
255 47 
1
255 47 
1
257 107 
1
257 107 
1
282 221 
1
282 221 
1
275 261 
1
275 261 
-1
2
314 168 1 4
1
2
327 132 -2 4
5
1
334 60 -1 4
1
1
304 42 0 6
1
2
204 0 2 3
5
-1
-1
0
1
275 311
1
243 -10 
1
243 -30 
1
255 27 
1
255 27 
1
257 87 
1
257 87 
1
282 201 
1
275 241 
1
275 241 
-1
2
325 136 -2 4
5
1
333 64 -1 4
1
1
304 48 0 6
1
2
206 3 2 3
4
-1
-1
0
1
274 313
1
243 -30 
1
255 27 
1
255 7 
1
257 67 
1
257 67 
1
282 181 
1
275 221 
1
275 221 
-1
2
323 140 2 4
5
1
332 68 -1 4
1
1
304 54 0 6
1
2
208 6 2 3
4
-1
-1
0
1
276 327
1
255 7 
1
255 -13 
1
257 47 
1
257 47 
1
282 161 
1
275 201 
1
275 201 
1
274 263 
1
274 263 
-1
2
325 144 -2 4
5
1
331 72 -1 4
1
1
304 60 0 6
1
2
210 9 2 3
3
-1
-1
0
1
279 341
1
255 -13 
1
255 -33 
1
257 27 
1
257 27 
1
282 141 
1
275 181 
1
275 181 
1
274 243 
1
274 243 
-1
2
323 148 -2 4
5
1
330 76 -1 4
1
1
304 66 0 6
1
2
212 12 2 3
3
-1
-1
0
1
282 352
1
255 -33 
1
257 27 
1
257 7 
1
282 121 
1
275 161 
1
275 161 
1
274 223 
1
274 223 
-1
2
321 152 -2 4
5
1
329 80 -1 4
1
1
304 72 0 6
1
2
214 15 2 3
3
-1
-1
0
1
286 367
1
257 27 
1
257 -13 
1
282 101 
1
275 141 
1
275 141 
1
274 203 
1
274 203 
1
284 313 
1
284 313 
-1
2
319 156 -2 4
5
1
328 84 -1 4
1
1
305 78 1 6
1
2
216 18 2 3
3
-1
-1
0
1
301 397
1
257 7 
1
257 -33 
1
275 121 
1
275 121 
1
274 183 
1
274 183 
1
284 293 
1
284 293 
-1
2
317 160 -2 4
5
1
327 88 -1 4
1
2
218 21 2 3
3
-1
-1
0
1
304 404
1
257 -13 
1
275 121 
1
275 101 
1
274 163 
1
274 163 
1
284 273 
1
284 273 
-1
2
315 164 -2 4
5
1
326 92 -1 4
1
2
220 24 2 3
3
3
344 0 0 4
20
-1
-1
0
1
303 416
1
257 -33 
1
275 81 
1
274 143 
1
274 143 
1
284 253 
1
284 253 
1
304 362 
1
304 362 
-1
2
313 168 -2 4
5
1
325 96 -1 4
1
2
222 27 2 3
3
3
344 4 0 4
19
-1
-1
0
1
300 427
1
274 143 
1
274 123 
1
284 233 
1
284 233 
1
304 342 
1
304 342 
-1
2
311 172 -2 4
5
1
324 100 -1 4
1
2
224 30 2 3
3
3
344 8 0 4
18
-1
-1
0
1
290 439
1
274 123 
1
284 213 
1
284 213 
1
304 322 
1
304 322 
-1
2
313 176 2 4
5
1
323 104 -1 4
1
2
226 33 2 3
3
3
344 12 0 4
17
-1
-1
0
1
274 452
1
284 193 
1
304 302 
1
304 302 
-1
2
315 180 2 4
4
1
322 108 -1 4
1
2
228 36 2 3
3
3
343 16 -1 4
16
-1
-1
0
1
270 456
1
304 282 
1
304 282 
1
274 402 
1
274 402 
-1
2
317 184 2 4
3
1
321 112 -1 4
1
2
230 39 2 3
3
3
342 20 -1 4
16
-1
-1
0
1
270 456
1
304 262 
1
304 262 
1
274 382 
1
274 382 
-1
2
319 188 2 4
3
1
320 116 -1 4
1
2
232 42 2 3
3
3
341 24 -1 4
16
-1
-1
0
1
269 457
1
304 242 
1
304 242 
1
274 362 
1
274 362 
-1
2
321 192 2 4
3
1
319 120 -1 4
1
2
234 45 2 3
3
3
340 28 -1 4
16
-1
-1
0
1
269 460
1
304 222 
1
274 342 
1
274 342 
1
269 407 
1
269 407 
-1
2
323 196 2 4
2
1
318 124 -1 4
1
2
236 48 2 3
3
3
339 32 -1 4
16
-1
-1
0
1
264 471
1
274 322 
1
274 322 
1
269 387 
1
269 387 
-1
2
321 200 -2 4
1
1
317 128 -1 4
1
2
238 51 2 3
3
3
338 36 -1 4
16
2
194 0 1 2
5
-1
-1
0
1
258 487
1
274 302 
1
274 302 
1
269 367 
1
269 367 
-1
2
319 204 -2 4
1
1
316 132 -1 4
1
2
240 54 2 3
3
3
337 40 -1 4
16
2
195 2 1 2
5
-1
-1
0
1
254 496
1
274 282 
1
274 282 
1
269 347 
1
269 347 
-1
2
317 208 -2 4
1
1
315 136 -1 4
1
2
242 57 2 3
3
3
336 44 -1 4
16
2
196 4 1 2
5
-1
-1
0
1
254 497
1
274 262 
1
274 262 
1
269 327 
1
269 327 
1
254 446 
1
254 446 
-1
2
315 212 2 4
1
1
314 140 -1 4
1
2
244 60 2 3
3
3
335 48 -1 4
16
2
197 6 1 2
5
-1
-1
0
1
254 497
1
274 242 
1
274 242 
1
269 307 
1
269 307 
1
254 426 
1
254 426 
-1
2
317 216 -2 4
1
1
313 144 -1 4
1
2
246 63 2 3
3
3
334 52 -1 4
16
2
198 8 1 2
5
-1
-1
0
1
254 497
1
274 222 
1
274 222 
1
269 287 
1
269 287 
1
254 406 
1
254 406 
-1
2
315 220 2 4
1
1
312 148 -1 4
1
2
248 66 2 3
3
3
333 56 -1 4
16
2
199 10 1 2
5
-1
-1
0
1
254 497
1
274 202 
1
274 202 
1
269 267 
1
269 267 
1
254 386 
1
254 386 
1
254 447 
1
254 447 
-1
2
313 224 -2 4
1
1
311 152 -1 4
1
2
250 69 2 3
3
3
332 60 -1 4
16
2
200 12 1 2
5
-1
-1
0
1
254 497
1
274 182 
1
274 182 
1
269 247 
1
269 247 
1
254 366 
1
254 366 
1
254 427 
1
254 427 
-1
2
311 228 -2 4
1
1
310 156 -1 4
1
2
252 72 2 3
3
3
331 64 -1 4
16
2
201 14 1 2
5
-1
-1
0
1
254 497
1
274 162 
1
269 227 
1
269 227 
1
254 346 
1
254 346 
1
254 407 
1
254 407 
-1
2
309 232 -2 4
1
1
309 160 1 4
1
2
254 75 2 3
3
3
330 68 -1 4
15
2
202 16 1 2
5
-1
-1
0
1
254 497
1
269 207 
1
269 207 
1
254 326 
1
254 326 
1
254 387 
1
254 387 
-1
2
307 236 -2 4
1
1
308 164 -1 4
1
2
256 78 2 3
3
3
329 72 -1 4
14
2
203 18 1 2
5
1
243 0 1 4
1
-1
-1
0
1
254 497
1
269 187 
1
269 187 
1
254 306 
1
254 306 
1
254 367 
1
254 367 
1
254 447 
1
254 447 
-1
2
305 240 -2 4
1
1
307 168 -1 4
1
2
258 81 2 3
3
3
328 76 -1 4
14
2
204 20 1 2
5
1
244 4 1 4
1
-1
-1
0
1
254 497
1
254 286 
1
254 286 
1
254 347 
1
254 347 
1
254 427 
1
254 427 
-1
1
306 172 -1 4
1
2
260 84 2 3
3
3
327 80 -1 4
13
2
205 22 1 2
5
1
245 8 1 4
1
-1
-1
0
1
254 499
1
254 266 
1
254 266 
1
254 327 
1
254 327 
1
254 407 
1
254 407 
-1
1
305 176 -1 4
1
2
262 87 2 3
3
3
326 84 -1 4
13
2
206 24 1 2
5
1
246 12 1 4
1
-1
-1
0
1
253 501
1
254 246 
1
254 246 
1
254 307 
1
254 307 
1
254 387 
1
254 387 
1
254 449 
1
254 449 
-1
1
304 180 -1 4
1
2
264 90 2 3
3
3
325 88 -1 4
13
2
207 26 1 2
5
1
247 16 1 4
1
-1
-1
0
1
253 502
1
254 226 
1
254 226 
1
254 287 
1
254 287 
1
254 367 
1
254 367 
1
254 429 
1
254 429 
-1
1
303 184 -1 4
1
2
266 93 2 3
3
3
324 92 -1 4
13
2
208 28 1 2
5
1
248 20 1 4
1
-1
-1
0
1
253 505
1
254 206 
1
254 206 
1
254 267 
1
254 267 
1
254 347 
1
254 347 
1
254 409 
1
254 409 
-1
1
302 188 -1 4
1
2
268 96 2 3
3
3
323 96 -1 4
13
2
209 30 1 2
5
1
249 24 1 4
1
-1
-1
0
1
252 507
1
254 186 
1
254 247 
1
254 247 
1
254 327 
1
254 327 
1
254 389 
1
254 389 
1
252 456 
1
252 456 
-1
1
301 192 -1 4
1
2
270 99 2 3
3
3
322 100 -1 4
12
2
210 32 1 2
5
1
250 28 1 4
1
-1
-1
0
1
252 509
1
254 227 
1
254 227 
1
254 307 
1
254 307 
1
254 369 
1
254 369 
1
252 436 
1
252 436 
-1
1
300 196 -1 4
1
2
272 102 2 3
3
3
321 104 -1 4
11
2
211 34 1 2
5
1
251 32 1 4
1
2
259 0 2 5
5
-1
-1
0
1
251 512
1
254 207 
1
254 287 
1
254 287 
1
254 349 
1
254 349 
1
252 416 
1
252 416 
-1
1
299 200 -1 4
1
2
274 105 2 3
3
3
320 108 -1 4
10
2
212 36 1 2
5
1
252 36 1 4
1
2
261 5 2 5
5
-1
-1
0
1
248 518
1
254 267 
1
254 267 
1
254 329 
1
254 329 
1
252 396 
1
252 396 
1
249 467 
1
249 467 
-1
1
298 204 -1 4
1
2
276 108 2 3
3
3
319 112 -1 4
9
2
213 38 1 2
5
1
253 40 1 4
1
2
263 10 2 5
5
-1
-1
0
1
246 523
1
254 247 
1
254 247 
1
254 309 
1
254 309 
1
252 376 
1
252 376 
1
249 447 
1
249 447 
-1
1
297 208 -1 4
1
2
278 111 2 3
3
3
318 116 -1 4
9
2
214 40 1 2
5
1
254 44 1 4
1
2
265 15 2 5
5
-1
-1
0
1
245 526
1
254 227 
1
254 289 
1
254 289 
1
252 356 
1
252 356 
1
249 427 
1
249 427 
-1
1
296 212 -1 4
1
2
280 114 2 3
3
3
317 120 -1 4
8
2
215 42 1 2
5
1
255 48 1 4
1
2
267 20 2 5
5
-1
-1
0
1
243 532
1
254 269 
1
254 269 
1
252 336 
1
252 336 
1
249 407 
1
249 407 
1
243 479 
1
243 479 
-1
1
295 216 -1 4
1
2
282 117 2 3
3
3
316 124 -1 4
7
2
216 44 1 2
5
1
256 52 1 4
1
2
269 25 2 5
5
-1
-1
0
1
241 535
1
254 249 
1
254 249 
1
252 316 
1
252 316 
1
249 387 
1
249 387 
1
243 459 
1
243 459 
-1
1
294 220 -1 4
1
2
284 120 2 3
3
3
315 128 -1 4
7
2
217 46 1 2
5
1
257 56 1 4
1
2
271 30 2 5
5
-1
-1
0
1
241 538
1
254 229 
1
252 296 
1
252 296 
1
249 367 
1
249 367 
1
243 439 
1
243 439 
-1
1
293 224 -1 4
1
2
286 123 2 3
3
3
314 132 -1 4
6
2
218 48 1 2
5
1
258 60 1 4
1
2
273 35 2 5
5
-1
-1
0
1
238 544
1
252 276 
1
252 276 
1
249 347 
1
249 347 
1
243 419 
1
243 419 
1
241 488 
1
241 488 
-1
1
292 228 -1 4
1
2
288 126 2 3
3
3
313 136 -1 4
5
2
219 50 1 2
5
1
259 64 1 4
1
2
275 40 2 5
5
3
86 0 0 2
20
-1
-1
0
1
236 551
1
252 256 
1
252 256 
1
249 327 
1
249 327 
1
243 399 
1
243 399 
1
241 468 
1
241 468 
-1
1
291 232 -1 4
1
2
290 129 -2 3
3
3
312 140 -1 4
5
2
220 52 1 2
5
1
260 68 1 4
1
2
277 45 2 5
5
3
87 2 1 2
20
-1
-1
0
1
234 557
1
252 236 
1
249 307 
1
249 307 
1
243 379 
1
243 379 
1
241 448 
1
241 448 
-1
1
290 236 -1 4
1
2
288 132 -2 3
3
3
311 144 -1 4
4
2
221 54 1 2
5
1
261 72 1 4
1
2
279 50 2 5
5
3
88 4 1 2
20
-1
-1
0
1
229 566
1
249 287 
1
249 287 
1
243 359 
1
243 359 
1
241 428 
1
241 428 
-1
1
289 240 -1 4
1
2
286 135 -2 3
3
3
310 148 -1 4
3
2
222 56 1 2
5
1
262 76 1 4
1
2
281 55 2 5
5
3
89 6 1 2
20
-1
-1
0
1
229 569
1
249 267 
1
249 267 
1
243 339 
1
243 339 
1
241 408 
1
241 408 
1
229 516 
1
229 516 
-1
1
288 244 -1 4
1
2
284 138 -2 3
3
3
309 152 -1 4
3
2
223 58 1 2
5
1
263 80 1 4
1
2
279 60 -2 5
5
3
90 8 1 2
20
-1
-1
0
1
225 578
1
249 247 
1
243 319 
1
243 319 
1
241 388 
1
241 388 
1
229 496 
1
229 496 
-1
1
287 248 -1 4
1
2
282 141 -2 3
3
3
308 156 -1 4
2
2
224 60 1 2
5
1
264 84 1 4
1
2
277 65 -2 5
5
3
91 10 1 2
20
-1
-1
0
1
223 584
1
243 299 
1
243 299 
1
241 368 
1
241 368 
1
229 476 
1
229 476 
-1
1
286 252 -1 4
1
2
280 144 -2 3
3
3
307 160 -1 4
1
2
225 62 1 2
5
1
265 88 1 4
1
2
275 70 -2 5
5
3
92 12 1 2
20
-1
-1
0
1
221 587
1
243 279 
1
243 279 
1
241 348 
1
241 348 
1
229 456 
1
229 456 
1
223 534 
1
223 534 
-1
1
285 256 -1 4
1
2
278 147 -2 3
3
3
306 164 -1 4
1
2
226 64 1 2
5
1
266 92 1 4
1
2
273 75 -2 5
5
3
93 14 1 2
20
-1
-1
0
1
221 589
1
243 259 
1
241 328 
1
241 328 
1
229 436 
1
229 436 
1
223 514 
1
223 514 
-1
1
284 260 -1 4
1
2
276 150 -2 3
3
2
227 66 1 2
5
1
267 96 1 4
1
2
271 80 -2 5
5
3
94 16 1 2
20
3
394 0 -1 2
20
-1
-1
0
1
220 591
1
243 239 
1
241 308 
1
241 308 
1
229 416 
1
229 416 
1
223 494 
1
223 494 
-1
1
283 264 -1 4
1
2
274 153 -2 3
3
2
228 68 1 2
5
1
268 100 1 4
1
2
269 85 -2 5
5
3
95 18 1 2
20
3
393 2 -1 2
20
-1
-1
0
1
218 594
1
243 219 
1
241 288 
1
241 288 
1
229 396 
1
229 396 
1
223 474 
1
223 474 
1
220 541 
1
220 541 
-1
1
282 268 -1 4
1
2
272 156 -2 3
3
2
229 70 1 2
5
1
269 104 1 4
1
2
267 90 -2 5
5
3
96 20 1 2
20
3
392 4 -1 2
20
-1
-1
0
1
218 598
1
243 199 
1
241 268 
1
241 268 
1
229 376 
1
229 376 
1
223 454 
1
223 454 
1
220 521 
1
220 521 
-1
1
281 272 -1 4
1
2
274 159 2 3
3
2
230 72 1 2
5
1
268 108 -1 4
1
2
265 95 -2 5
5
3
97 22 1 2
20
3
391 6 -1 2
20
-1
-1
0
1
216 600
1
241 248 
1
241 248 
1
229 356 
1
229 356 
1
223 434 
1
223 434 
1
220 501 
1
220 501 
-1
1
280 276 -1 4
1
2
272 162 -2 3
2
2
231 74 1 2
5
1
267 112 -1 4
1
2
263 100 -2 5
5
3
98 24 1 2
20
3
390 8 -1 2
20
-1
-1
0
1
216 601
1
241 228 
1
241 228 
1
229 336 
1
229 336 
1
223 414 
1
223 414 
1
220 481 
1
220 481 
1
216 550 
1
216 550 
-1
1
279 280 -1 4
1
2
270 165 -2 3
2
2
232 76 1 2
5
1
266 116 -1 4
1
2
261 105 -2 5
5
3
99 26 1 2
20
3
389 10 -1 2
20
-1
-1
0
1
216 602
1
241 208 
1
241 208 
1
229 316 
1
229 316 
1
223 394 
1
223 394 
1
220 461 
1
220 461 
1
216 530 
1
216 530 
-1
1
278 284 -1 4
1
2
272 168 2 3
2
2
233 78 1 2
5
1
265 120 -1 4
1
2
259 110 -2 5
5
3
100 28 1 2
20
3
388 12 -1 2
20
-1
-1
0
1
216 602
1
241 188 
1
229 296 
1
229 296 
1
223 374 
1
223 374 
1
220 441 
1
220 441 
1
216 510 
1
216 510 
-1
1
277 288 -1 4
1
2
274 171 2 3
1
2
234 80 1 2
5
1
264 124 -1 4
1
2
257 115 -2 5
5
3
101 30 1 2
20
3
387 14 -1 2
20
-1
-1
0
1
216 603
1
229 276 
1
229 276 
1
223 354 
1
223 354 
1
220 421 
1
220 421 
1
216 490 
1
216 490 
1
216 552 
1
216 552 
-1
1
276 292 -1 4
1
2
235 82 1 2
5
1
263 128 -1 4
1
2
255 120 -2 5
5
3
102 32 1 2
20
3
386 16 -1 2
20
1
47 0 0 5
1
-1
-1
0
1
216 603
1
229 256 
1
229 256 
1
223 334 
1
223 334 
1
220 401 
1
220 401 
1
216 470 
1
216 470 
1
216 532 
1
216 532 
-1
1
275 296 -1 4
1
2
236 84 1 2
5
1
262 132 -1 4
1
2
253 125 -2 5
5
3
103 34 1 2
20
3
385 18 -1 2
20
1
48 5 1 5
1
-1
-1
0
1
216 603
1
229 236 
1
229 236 
1
223 314 
1
223 314 
1
220 381 
1
220 381 
1
216 450 
1
216 450 
1
216 512 
1
216 512 
-1
1
274 300 -1 4
1
2
237 86 1 2
5
1
261 136 -1 4
1
2
251 130 -2 5
5
3
104 36 1 2
20
3
384 20 -1 2
20
1
49 10 1 5
1
-1
-1
0
1
216 603
1
229 216 
1
229 216 
1
223 294 
1
223 294 
1
220 361 
1
220 361 
1
216 430 
1
216 430 
1
216 492 
1
216 492 
1
216 553 
1
216 553 
-1
1
273 304 -1 4
1
2
238 88 1 2
5
1
260 140 -1 4
1
2
249 135 -2 5
5
3
105 38 1 2
20
3
383 22 -1 2
20
1
50 15 1 5
1
-1
-1
0
1
216 603
1
229 196 
1
229 196 
1
223 274 
1
223 274 
1
220 341 
1
220 341 
1
216 410 
1
216 410 
1
216 472 
1
216 472 
1
216 533 
1
216 533 
-1
1
272 308 -1 4
1
2
239 90 1 2
5
1
259 144 -1 4
1
2
247 140 2 5
5
3
106 40 1 2
20
3
382 24 -1 2
20
1
51 20 1 5
1
-1
-1
0
1
216 603
1
229 176 
1
229 176 
1
223 254 
1
223 254 
1
220 321 
1
220 321 
1
216 390 
1
216 390 
1
216 452 
1
216 452 
1
216 513 
1
216 513 
-1
1
271 312 -1 4
1
2
240 92 1 2
5
1
258 148 1 4
1
2
249 145 2 5
5
3
107 42 1 2
20
3
381 26 -1 2
20
1
52 25 1 5
1
-1
-1
0
1
216 603
1
229 156 
1
223 234 
1
223 234 
1
220 301 
1
220 301 
1
216 370 
1
216 370 
1
216 432 
1
216 432 
1
216 493 
1
216 493 
1
216 553 
1
216 553 
-1
1
270 316 -1 4
1
2
241 94 1 2
5
1
259 152 1 4
1
2
251 150 2 5
4
3
108 44 1 2
20
3
380 28 -1 2
20
1
53 30 1 5
1
-1
-1
0
1
216 603
1
223 214 
1
223 214 
1
220 281 
1
220 281 
1
216 350 
1
216 350 
1
216 412 
1
216 412 
1
216 473 
1
216 473 
1
216 533 
1
216 533 
-1
1
269 320 -1 4
1
2
242 96 1 2
5
2
253 155 2 5
4
3
109 46 1 2
20
3
379 30 -1 2
20
1
54 35 1 5
1
-1
-1
0
1
216 603
1
223 194 
1
223 194 
1
220 261 
1
220 261 
1
216 330 
1
216 330 
1
216 392 
1
216 392 
1
216 453 
1
216 453 
1
216 513 
1
216 513 
-1
1
268 324 -1 4
1
2
243 98 1 2
5
2
255 160 2 5
4
3
110 48 1 2
20
3
378 32 -1 2
20
1
55 40 1 5
1
2
111 0 -2 3
5
-1
-1
0
1
216 603
1
223 174 
1
220 241 
1
220 241 
1
216 310 
1
216 310 
1
216 372 
1
216 372 
1
216 433 
1
216 433 
1
216 493 
1
216 493 
-1
1
267 328 -1 4
1
2
244 100 1 2
5
2
257 165 2 5
3
3
111 50 1 2
20
3
377 34 -1 2
20
1
56 45 1 5
1
2
113 3 2 3
5
-1
-1
0
1
216 603
1
220 221 
1
220 221 
1
216 290 
1
216 290 
1
216 352 
1
216 352 
1
216 413 
1
216 413 
1
216 473 
1
216 473 
1
216 553 
1
216 553 
-1
1
266 332 -1 4
1
2
245 102 1 2
5
2
259 170 2 5
2
3
112 52 1 2
20
3
376 36 -1 2
20
1
57 50 1 5
1
2
115 6 2 3
5
-1
-1
0
1
216 603
1
220 201 
1
220 201 
1
216 270 
1
216 270 
1
216 332 
1
216 332 
1
216 393 
1
216 393 
1
216 453 
1
216 453 
1
216 533 
1
216 533 
-1
1
265 336 -1 4
1
2
246 104 1 2
5
2
261 175 2 5
2
3
113 54 1 2
20
3
375 38 -1 2
20
1
58 55 1 5
1
2
117 9 2 3
5
-1
-1
0
1
216 603
1
220 181 
1
220 181 
1
216 250 
1
216 250 
1
216 312 
1
216 312 
1
216 373 
1
216 373 
1
216 433 
1
216 433 
1
216 513 
1
216 513 
-1
1
264 340 -1 4
1
2
247 106 1 2
5
2
263 180 2 5
2
3
114 56 1 2
20
3
374 40 -1 2
20
1
59 60 1 5
1
2
119 12 2 3
5
-1
-1
0
1
216 603
1
220 161 
1
220 161 
1
216 230 
1
216 230 
1
216 292 
1
216 292 
1
216 353 
1
216 353 
1
216 413 
1
216 413 
1
216 493 
1
216 493 
1
216 553 
1
216 553 
-1
1
263 344 -1 4
1
2
248 108 1 2
5
2
265 185 2 5
2
3
115 58 1 2
20
3
373 42 -1 2
20
1
60 65 1 5
1
2
121 15 2 3
5
-1
-1
0
1
216 603
1
220 141 
1
216 210 
1
216 210 
1
216 272 
1
216 272 
1
216 333 
1
216 333 
1
216 393 
1
216 393 
1
216 473 
1
216 473 
1
216 533 
1
216 533 
-1
1
262 348 -1 4
1
2
249 110 1 2
4
2
267 190 -2 5
2
3
116 60 1 2
20
3
372 44 -1 2
20
1
61 70 1 5
1
2
123 18 2 3
5
-1
-1
0
1
216 603
1
216 190 
1
216 190 
1
216 252 
1
216 252 
1
216 313 
1
216 313 
1
216 373 
1
216 373 
1
216 453 
1
216 453 
1
216 513 
1
216 513 
-1
1
261 352 -1 4
1
2
250 112 1 2
3
2
265 195 -2 5
2
3
117 62 1 2
20
3
371 46 -1 2
20
1
62 75 1 5
1
2
125 21 2 3
5
-1
-1
0
1
216 603
1
216 170 
1
216 170 
1
216 232 
1
216 232 
1
216 293 
1
216 293 
1
216 353 
1
216 353 
1
216 433 
1
216 433 
1
216 493 
1
216 493 
-1
1
260 356 -1 4
1
2
251 114 1 2
3
2
263 200 -2 5
2
3
118 64 1 2
20
3
370 48 -1 2
20
1
63 80 1 5
1
2
127 24 2 3
5
-1
-1
0
1
216 603
1
216 150 
1
216 150 
1
216 212 
1
216 212 
1
216 273 
1
216 273 
1
216 333 
1
216 333 
1
216 413 
1
216 413 
1
216 473 
1
216 473 
1
216 553 
1
216 553 
-1
1
259 360 -1 4
1
2
252 116 1 2
3
2
261 205 -2 5
2
3
119 66 1 2
20
3
369 50 -1 2
20
1
64 85 1 5
1
2
129 27 2 3
5
2
271 0 0 5
5
-1
-1
0
1
216 603
1
216 130 
1
216 192 
1
216 192 
1
216 253 
1
216 253 
1
216 313 
1
216 313 
1
216 393 
1
216 393 
1
216 453 
1
216 453 
1
216 533 
1
216 533 
-1
1
258 364 -1 4
1
2
253 118 1 2
2
2
259 210 -2 5
2
3
120 68 1 2
20
3
368 52 -1 2
20
1
65 90 1 5
1
2
131 30 2 3
5
2
270 5 -1 5
5
-1
-1
0
1
216 603
1
216 110 
1
216 172 
1
216 172 
1
216 233 
1
216 233 
1
216 293 
1
216 293 
1
216 373 
1
216 373 
1
216 433 
1
216 433 
1
216 513 
1
216 513 
1
216 553 
1
216 553 
-1
1
257 368 -1 4
1
2
254 120 1 2
2
2
257 215 2 5
2
3
121 70 1 2
20
3
367 54 -1 2
20
1
66 95 1 5
1
2
133 33 2 3
5
2
269 10 -1 5
5
-1
-1
0
1
216 603
1
216 90 
1
216 152 
1
216 152 
1
216 213 
1
216 213 
1
216 273 
1
216 273 
1
216 353 
1
216 353 
1
216 413 
1
216 413 
1
216 493 
1
216 493 
1
216 533 
1
216 533 
-1
1
256 372 -1 4
1
2
255 122 1 2
2
2
259 220 2 5
2
3
122 72 1 2
20
3
366 56 -1 2
20
1
67 100 1 5
1
2
135 36 2 3
5
2
268 15 -1 5
5
-1
-1
0
1
216 603
1
216 70 
1
216 132 
1
216 132 
1
216 193 
1
216 193 
1
216 253 
1
216 253 
1
216 333 
1
216 333 
1
216 393 
1
216 393 
1
216 473 
1
216 473 
1
216 513 
1
216 513 
-1
1
255 376 -1 4
1
2
256 124 1 2
2
2
261 225 2 5
2
3
123 74 1 2
20
3
365 58 -1 2
20
1
68 105 1 5
1
2
137 39 2 3
5
2
267 20 -1 5
5
-1
-1
0
1
216 603
1
216 50 
1
216 112 
1
216 112 
1
216 173 
1
216 173 
1
216 233 
1
216 233 
1
216 313 
1
216 313 
1
216 373 
1
216 373 
1
216 453 
1
216 453 
1
216 493 
1
216 493 
1
216 553 
1
216 553 
-1
1
254 380 -1 4
1
2
257 126 1 2
2
2
263 230 2 5
2
3
124 76 1 2
20
3
364 60 -1 2
20
1
69 110 1 5
1
2
139 42 2 3
5
2
266 25 -1 5
5
-1
-1
0
1
216 603
1
216 30 
1
216 92 
1
216 92 
1
216 153 
1
216 153 
1
216 213 
1
216 213 
1
216 293 
1
216 293 
1
216 353 
1
216 353 
1
216 433 
1
216 433 
1
216 473 
1
216 473 
1
216 533 
1
216 533 
-1
1
253 384 -1 4
1
2
258 128 1 2
2
2
265 235 2 5
2
3
125 78 1 2
20
3
363 62 -1 2
20
1
70 115 1 5
1
2
141 45 2 3
5
2
265 30 -1 5
5
3
44 0 0 5
20
-1
-1
0
1
216 603
1
216 10 
1
216 72 
1
216 72 
1
216 133 
1
216 133 
1
216 193 
1
216 193 
1
216 273 
1
216 273 
1
216 333 
1
216 333 
1
216 413 
1
216 413 
1
216 453 
1
216 453 
1
216 513 
1
216 513 
1
216 553 
1
216 553 
-1
1
252 388 -1 4
1
2
259 130 1 2
2
2
267 240 -2 5
2
3
126 80 1 2
20
3
362 64 -1 2
20
1
71 120 1 5
1
2
143 48 2 3
5
2
264 35 -1 5
5
3
45 5 1 5
20
-1
-1
0
1
216 603
1
216 -10 
1
216 52 
1
216 52 
1
216 113 
1
216 113 
1
216 173 
1
216 173 
1
216 253 
1
216 253 
1
216 313 
1
216 313 
1
216 393 
1
216 393 
1
216 433 
1
216 433 
1
216 493 
1
216 493 
1
216 533 
1
216 533 
-1
1
251 392 1 4
1
2
260 132 1 2
2
2
265 245 -2 5
2
3
127 82 1 2
20
3
361 66 -1 2
20
1
72 125 1 5
1
2
145 51 2 3
5
2
263 40 -1 5
5
3
46 10 1 5
20
-1
-1
0
1
216 603
1
216 -30 
1
216 32 
1
216 32 
1
216 93 
1
216 93 
1
216 153 
1
216 153 
1
216 233 
1
216 233 
1
216 293 
1
216 293 
1
216 373 
1
216 373 
1
216 413 
1
216 413 
1
216 473 
1
216 473 
1
216 513 
1
216 513 
-1
1
252 396 1 4
1
2
261 134 1 2
2
2
263 250 -2 5
2
3
128 84 1 2
20
3
360 68 -1 2
20
1
73 130 1 5
1
2
147 54 2 3
5
2
262 45 -1 5
5
3
47 15 1 5
20
-1
-1
0
1
216 603
1
216 32 
1
216 12 
1
216 73 
1
216 73 
1
216 133 
1
216 133 
1
216 213 
1
216 213 
1
216 273 
1
216 273 
1
216 353 
1
216 353 
1
216 393 
1
216 393 
1
216 453 
1
216 453 
1
216 493 
1
216 493 
1
216 553 
1
216 553 
-1
1
253 400 1 4
1
2
262 136 1 2
2
2
261 255 -2 5
2
3
129 86 1 2
20
3
359 70 -1 2
20
1
74 135 1 5
1
2
149 57 2 3
5
2
261 50 -1 5
5
3
48 20 1 5
20
-1
-1
0
1
216 603
1
216 12 
1
216 -8 
1
216 53 
1
216 53 
1
216 113 
1
216 113 
1
216 193 
1
216 193 
1
216 253 
1
216 253 
1
216 333 
1
216 333 
1
216 373 
1
216 373 
1
216 433 
1
216 433 
1
216 473 
1
216 473 
1
216 533 
1
216 533 
-1
1
254 404 1 4
1
2
263 138 1 2
2
2
259 260 -2 5
2
3
130 88 1 2
20
3
358 72 -1 2
20
1
75 140 1 5
1
2
151 60 2 3
5
2
260 55 -1 5
5
3
49 25 1 5
20
-1
-1
0
1
216 603
1
216 -28 
1
216 33 
1
216 33 
1
216 93 
1
216 93 
1
216 173 
1
216 173 
1
216 233 
1
216 233 
1
216 313 
1
216 313 
1
216 353 
1
216 353 
1
216 413 
1
216 413 
1
216 453 
1
216 453 
1
216 513 
1
216 513 
1
216 553 
1
216 553 
-1
1
255 408 1 4
1
2
264 140 1 2
2
2
257 265 2 5
2
3
131 90 1 2
19
3
357 74 -1 2
20
1
76 145 1 5
1
2
153 63 2 3
5
2
259 60 -1 5
5
3
50 30 1 5
20
-1
-1
1
1
216 603
1
216 13 
1
216 13 
1
216 73 
1
216 73 
1
216 153 
1
216 153 
1
216 213 
1
216 213 
1
216 293 
1
216 293 
1
216 333 
1
216 333 
1
216 393 
1
216 393 
1
216 433 
1
216 433 
1
216 493 
1
216 493 
1
216 533 
1
216 533 
-1
1
256 412 1 4
1
2
265 142 1 2
2
2
259 270 2 5
2
3
132 92 1 2
18
3
356 76 -1 2
20
1
77 150 1 5
1
2
155 66 2 3
5
2
258 65 -1 5
5
3
51 35 1 5
20
3
354 0 -1 2
20
-1
-1
0
1
216 603
1
216 13 
1
216 13 
1
216 73 
1
216 73 
1
216 153 
1
216 153 
1
216 213 
1
216 213 
1
216 293 
1
216 293 
1
216 333 
1
216 333 
1
216 393 
1
216 393 
1
216 433 
1
216 433 
1
216 493 
1
216 493 
1
216 533 
1
216 533 
-1
-1
-1
0
1
216 603
1
216 -7 
1
216 -7 
1
216 53 
1
216 53 
1
216 133 
1
216 133 
1
216 193 
1
216 193 
1
216 273 
1
216 273 
1
216 313 
1
216 313 
1
216 373 
1
216 373 
1
216 413 
1
216 413 
1
216 473 
1
216 473 
1
216 513 
1
216 513 
1
216 533 
1
216 533 
-1
-1
-1
0
1
216 603
1
216 -27 
1
216 -27 
1
216 33 
1
216 33 
1
216 113 
1
216 113 
1
216 173 
1
216 173 
1
216 253 
1
216 253 
1
216 293 
1
216 293 
1
216 353 
1
216 353 
1
216 393 
1
216 393 
1
216 453 
1
216 453 
1
216 493 
1
216 493 
1
216 513 
1
216 513 
-1
-1
-1
0
1
216 603
1
216 -27 
1
216 13 
1
216 13 
1
216 93 
1
216 93 
1
216 153 
1
216 153 
1
216 233 
1
216 233 
1
216 273 
1
216 273 
1
216 333 
1
216 333 
1
216 373 
1
216 373 
1
216 433 
1
216 433 
1
216 473 
1
216 473 
1
216 493 
1
216 493 
1
216 553 
1
216 553 
-1
-1
-1
0
1
216 603
1
216 13 
1
216 -7 
1
216 73 
1
216 73 
1
216 133 
1
216 133 
1
216 213 
1
216 213 
1
216 253 
1
216 253 
1
216 313 
1
216 313 
1
216 353 
1
216 353 
1
216 413 
1
216 413 
1
216 453 
1
216 453 
1
216 473 
1
216 473 
1
216 533 
1
216 533 
-1
-1
-1
0
1
216 603
1
216 -7 
1
216 -27 
1
216 53 
1
216 53 
1
216 113 
1
216 113 
1
216 193 
1
216 193 
1
216 233 
1
216 233 
1
216 293 
1
216 293 
1
216 333 
1
216 333 
1
216 393 
1
216 393 
1
216 433 
1
216 433 
1
216 453 
1
216 453 
1
216 513 
1
216 513 
-1
1
29 0 1 6
1
-1
-1
0
1
216 603
1
216 -27 
1
216 53 
1
216 33 
1
216 93 
1
216 93 
1
216 173 
1
216 173 
1
216 213 
1
216 213 
1
216 273 
1
216 273 
1
216 313 
1
216 313 
1
216 373 
1
216 373 
1
216 413 
1
216 413 
1
216 433 
1
216 433 
1
216 493 
1
216 493 
1
216 553 
1
216 553 
-1
1
30 6 1 6
1
-1
-1
0
1
216 603
1
216 53 
1
216 13 
1
216 73 
1
216 73 
1
216 153 
1
216 153 
1
216 193 
1
216 193 
1
216 253 
1
216 253 
1
216 293 
1
216 293 
1
216 353 
1
216 353 
1
216 393 
1
216 393 
1
216 413 
1
216 413 
1
216 473 
1
216 473 
1
216 533 
1
216 533 
-1
1
31 12 1 6
1
-1
-1
0
1
216 603
1
216 33 
1
216 -7 
1
216 53 
1
216 53 
1
216 133 
1
216 133 
1
216 173 
1
216 173 
1
216 233 
1
216 233 
1
216 273 
1
216 273 
1
216 333 
1
216 333 
1
216 373 
1
216 373 
1
216 393 
1
216 393 
1
216 453 
1
216 453 
1
216 513 
1
216 513 
-1
1
32 18 1 6
1
-1
-1
0
1
216 603
1
216 13 
1
216 -27 
1
216 33 
1
216 33 
1
216 113 
1
216 113 
1
216 153 
1
216 153 
1
216 213 
1
216 213 
1
216 253 
1
216 253 
1
216 313 
1
216 313 
1
216 353 
1
216 353 
1
216 373 
1
216 373 
1
216 433 
1
216 433 
1
216 493 
1
216 493 
1
216 553 
1
216 553 
-1
1
33 24 1 6
1
-1
-1
0
1
216 603
1
216 -7 
1
216 33 
1
216 13 
1
216 93 
1
216 93 
1
216 133 
1
216 133 
1
216 193 
1
216 193 
1
216 233 
1
216 233 
1
216 293 
1
216 293 
1
216 333 
1
216 333 
1
216 353 
1
216 353 
1
216 413 
1
216 413 
1
216 473 
1
216 473 
1
216 533 
1
216 533 
-1
1
34 30 1 6
1
-1
-1
0
1
214 567
1
216 -27 
1
216 13 
1
216 -7 
1
216 73 
1
216 73 
1
216 113 
1
216 113 
1
216 173 
1
216 173 
1
216 213 
1
216 213 
1
216 273 
1
216 273 
1
216 313 
1
216 313 
1
216 333 
1
216 333 
1
216 393 
1
216 393 
1
216 453 
1
216 453 
1
216 513 
1
216 513 
1
214 537 
1
214 537 
-1
1
35 36 1 6
1
-1
-1
0
1
213 505
1
216 13 
1
216 -27 
1
216 53 
1
216 53 
1
216 93 
1
216 93 
1
216 153 
1
216 153 
1
216 193 
1
216 193 
1
216 253 
1
216 253 
1
216 293 
1
216 293 
1
216 313 
1
216 313 
1
216 373 
1
216 373 
1
216 433 
1
216 433 
1
216 493 
1
216 493 
1
214 517 
1
214 517 
-1
1
36 42 1 6
1
3
364 0 0 4
20
-1
-1
0
1
208 483
1
216 -7 
1
216 53 
1
216 33 
1
216 73 
1
216 73 
1
216 133 
1
216 133 
1
216 173 
1
216 173 
1
216 233 
1
216 233 
1
216 273 
1
216 273 
1
216 293 
1
216 293 
1
216 353 
1
216 353 
1
216 413 
1
216 413 
1
216 473 
1
216 473 
1
214 497 
1
214 497 
-1
1
37 48 1 6
1
3
363 4 -1 4
20
-1
-1
0
1
205 462
1
216 -27 
1
216 33 
1
216 13 
1
216 53 
1
216 53 
1
216 113 
1
216 113 
1
216 153 
1
216 153 
1
216 213 
1
216 213 
1
216 253 
1
216 253 
1
216 273 
1
216 273 
1
216 333 
1
216 333 
1
216 393 
1
216 393 
1
216 453 
1
216 453 
1
214 477 
1
214 477 
1
205 412 
1
205 412 
-1
1
38 54 1 6
1
3
362 8 -1 4
20
-1
-1
0
1
199 434
1
216 33 
1
216 -7 
1
216 33 
1
216 33 
1
216 93 
1
216 93 
1
216 133 
1
216 133 
1
216 193 
1
216 193 
1
216 233 
1
216 233 
1
216 253 
1
216 253 
1
216 313 
1
216 313 
1
216 373 
1
216 373 
1
216 433 
1
216 433 
1
214 457 
1
214 457 
1
205 392 
1
205 392 
-1
1
39 60 1 6
1
3
361 12 -1 4
20
-1
-1
0
1
195 411
1
216 13 
1
216 -27 
1
216 13 
1
216 13 
1
216 73 
1
216 73 
1
216 113 
1
216 113 
1
216 173 
1
216 173 
1
216 213 
1
216 213 
1
216 233 
1
216 233 
1
216 293 
1
216 293 
1
216 353 
1
216 353 
1
216 413 
1
216 413 
1
214 437 
1
214 437 
1
205 372 
1
205 372 
-1
1
40 66 1 6
1
3
360 16 -1 4
20
-1
-1
0
1
190 386
1
216 -7 
1
216 13 
1
216 -7 
1
216 53 
1
216 53 
1
216 93 
1
216 93 
1
216 153 
1
216 153 
1
216 193 
1
216 193 
1
216 213 
1
216 213 
1
216 273 
1
216 273 
1
216 333 
1
216 333 
1
216 393 
1
216 393 
1
214 417 
1
214 417 
1
205 352 
1
205 352 
-1
1
41 72 1 6
1
3
359 20 -1 4
20
-1
-1
0
1
183 357
1
216 -27 
1
216 -7 
1
216 -27 
1
216 33 
1
216 33 
1
216 73 
1
216 73 
1
216 133 
1
216 133 
1
216 173 
1
216 173 
1
216 193 
1
216 193 
1
216 253 
1
216 253 
1
216 313 
1
216 313 
1
216 373 
1
216 373 
1
214 397 
1
214 397 
1
205 332 
1
205 332 
1
190 336 
1
190 336 
-1
1
42 78 1 6
1
3
358 24 -1 4
20
-1
-1
0
1
178 325
1
216 -7 
1
216 33 
1
216 13 
1
216 53 
1
216 53 
1
216 113 
1
216 113 
1
216 153 
1
216 153 
1
216 173 
1
216 173 
1
216 233 
1
216 233 
1
216 293 
1
216 293 
1
216 353 
1
216 353 
1
214 377 
1
214 377 
1
205 312 
1
205 312 
1
190 316 
1
190 316 
-1
1
43 84 1 6
1
3
357 28 -1 4
20
-1
-1
0
1
169 301
1
216 -27 
1
216 13 
1
216 -7 
1
216 33 
1
216 33 
1
216 93 
1
216 93 
1
216 133 
1
216 133 
1
216 153 
1
216 153 
1
216 213 
1
216 213 
1
216 273 
1
216 273 
1
216 333 
1
216 333 
1
214 357 
1
214 357 
1
205 292 
1
205 292 
1
190 296 
1
190 296 
1
175 264 
1
175 264 
-1
1
44 90 1 6
1
3
356 32 -1 4
20
2
168 0 1 4
5
-1
-1
0
1
161 275
1
216 13 
1
216 -27 
1
216 13 
1
216 13 
1
216 73 
1
216 73 
1
216 113 
1
216 113 
1
216 133 
1
216 133 
1
216 193 
1
216 193 
1
216 253 
1
216 253 
1
216 313 
1
216 313 
1
214 337 
1
214 337 
1
205 272 
1
205 272 
1
190 276 
1
190 276 
1
175 244 
1
175 244 
-1
1
45 96 1 6
1
3
355 36 -1 4
20
2
169 4 1 4
5
-1
-1
0
1
157 260
1
216 -7 
1
216 13 
1
216 -7 
1
216 53 
1
216 53 
1
216 93 
1
216 93 
1
216 113 
1
216 113 
1
216 173 
1
216 173 
1
216 233 
1
216 233 
1
216 293 
1
216 293 
1
214 317 
1
214 317 
1
205 252 
1
205 252 
1
190 256 
1
190 256 
1
175 224 
1
175 224 
-1
1
46 102 1 6
1
3
354 40 -1 4
20
2
170 8 1 4
5
-1
-1
0
1
154 245
1
216 -27 
1
216 -7 
1
216 -27 
1
216 33 
1
216 33 
1
216 73 
1
216 73 
1
216 93 
1
216 93 
1
216 153 
1
216 153 
1
216 213 
1
216 213 
1
216 273 
1
216 273 
1
214 297 
1
214 297 
1
205 232 
1
205 232 
1
190 236 
1
190 236 
1
175 204 
1
175 204 
-1
1
47 108 1 6
1
3
353 44 -1 4
20
2
171 12 1 4
5
-1
-1
0
1
153 240
1
216 -7 
1
216 33 
1
216 13 
1
216 53 
1
216 53 
1
216 73 
1
216 73 
1
216 133 
1
216 133 
1
216 193 
1
216 193 
1
216 253 
1
216 253 
1
214 277 
1
214 277 
1
205 212 
1
205 212 
1
190 216 
1
190 216 
1
175 184 
1
175 184 
1
154 175 
1
154 175 
-1
1
48 114 1 6
1
3
352 48 -1 4
20
2
172 16 1 4
5
-1
-1
0
1
153 238
1
216 -27 
1
216 13 
1
216 -7 
1
216 33 
1
216 33 
1
216 53 
1
216 53 
1
216 113 
1
216 113 
1
216 173 
1
216 173 
1
216 233 
1
216 233 
1
214 257 
1
214 257 
1
205 192 
1
205 192 
1
190 196 
1
190 196 
1
175 164 
1
175 164 
1
154 155 
1
154 155 
-1
1
49 120 1 6
1
3
351 52 -1 4
20
2
173 20 1 4
5
-1
-1
0
1
153 237
1
216 13 
1
216 -27 
1
216 13 
1
216 13 
1
216 33 
1
216 33 
1
216 93 
1
216 93 
1
216 153 
1
216 153 
1
216 213 
1
216 213 
1
214 237 
1
214 237 
1
205 172 
1
205 172 
1
190 176 
1
190 176 
1
175 144 
1
175 144 
1
154 135 
1
154 135 
-1
1
50 126 1 6
1
3
350 56 -1 4
20
2
174 24 1 4
5
-1
-1
0
1
151 235
1
216 -7 
1
216 13 
1
216 -7 
1
216 13 
1
216 13 
1
216 73 
1
216 73 
1
216 133 
1
216 133 
1
216 193 
1
216 193 
1
214 217 
1
214 217 
1
205 152 
1
205 152 
1
190 156 
1
190 156 
1
175 124 
1
175 124 
1
154 115 
1
154 115 
1
152 186 
1
152 186 
-1
1
51 132 1 6
1
3
349 60 -1 4
20
2
175 28 1 4
5
-1
-1
0
1
151 227
1
216 -27 
1
216 -7 
1
216 -27 
1
216 -7 
1
216 -7 
1
216 53 
1
216 53 
1
216 113 
1
216 113 
1
216 173 
1
216 173 
1
214 197 
1
214 197 
1
205 132 
1
205 132 
1
190 136 
1
190 136 
1
175 104 
1
175 104 
1
154 95 
1
154 95 
1
152 166 
1
152 166 
-1
1
52 138 1 6
1
3
348 64 -1 4
20
2
174 32 -1 4
5
-1
-1
0
1
151 205
1
216 -7 
1
216 -7 
1
216 -27 
1
216 33 
1
216 33 
1
216 93 
1
216 93 
1
216 153 
1
216 153 
1
214 177 
1
214 177 
1
205 112 
1
205 112 
1
190 116 
1
190 116 
1
175 84 
1
175 84 
1
154 75 
1
154 75 
1
152 146 
1
152 146 
-1
1
53 144 1 6
1
3
347 68 -1 4
20
2
175 36 1 4
5
1
438 0 -2 4
1
-1
-1
0
1
154 188
1
216 -27 
1
216 -27 
1
216 33 
1
216 13 
1
216 73 
1
216 73 
1
216 133 
1
216 133 
1
214 157 
1
214 157 
1
205 92 
1
205 92 
1
190 96 
1
190 96 
1
175 64 
1
154 55 
1
154 55 
1
152 126 
1
152 126 
1
151 135 
1
151 135 
-1
1
54 150 1 6
1
3
346 72 -1 4
20
2
176 40 1 4
4
1
436 4 -2 4
1
-1
-1
0
1
163 182
1
216 -27 
1
216 13 
1
216 -7 
1
216 53 
1
216 53 
1
216 113 
1
216 113 
1
214 137 
1
214 137 
1
205 72 
1
190 76 
1
190 76 
1
175 44 
1
154 35 
1
154 35 
1
152 106 
1
152 106 
1
151 115 
1
151 115 
-1
1
55 156 1 6
1
3
345 76 -1 4
20
2
177 44 -1 4
3
1
434 8 -2 4
1
-1
-1
0
1
183 172
1
216 13 
1
216 -27 
1
216 33 
1
216 33 
1
216 93 
1
216 93 
1
214 117 
1
214 117 
1
190 56 
1
190 56 
1
175 24 
1
154 15 
1
154 15 
1
152 86 
1
152 86 
1
151 95 
1
151 95 
-1
1
56 162 1 6
1
3
344 80 -1 4
20
2
178 48 1 4
2
1
432 12 -2 4
1
-1
-1
0
1
200 166
1
216 -7 
1
216 33 
1
216 13 
1
216 73 
1
216 73 
1
214 97 
1
214 97 
1
190 36 
1
175 4 
1
154 -5 
1
154 -5 
1
152 66 
1
152 66 
1
151 75 
1
151 75 
1
197 117 
1
197 117 
-1
1
57 168 1 6
1
3
343 84 -1 4
20
2
179 52 1 4
1
1
430 16 -2 4
1
-1
-1
0
1
201 165
1
216 -27 
1
216 13 
1
216 -7 
1
216 53 
1
216 53 
1
214 77 
1
190 16 
1
175 -16 
1
154 -25 
1
154 -25 
1
152 46 
1
152 46 
1
151 55 
1
151 55 
1
197 97 
1
197 97 
-1
1
58 174 1 6
1
3
342 88 -1 4
20
1
428 20 -2 4
1
-1
-1
0
1
206 164
1
216 13 
1
216 -27 
1
216 33 
1
216 33 
1
214 57 
1
190 -4 
1
175 -36 
1
154 -25 
1
152 26 
1
152 26 
1
151 35 
1
151 35 
1
197 77 
1
197 77 
-1
1
59 180 1 6
1
3
341 92 -1 4
20
1
426 24 -2 4
1
-1
-1
0
1
214 161
1
216 -7 
1
216 33 
1
216 13 
1
214 37 
1
190 -24 
1
154 -25 
1
152 6 
1
152 6 
1
151 15 
1
151 15 
1
197 57 
1
197 57 
1
211 112 
1
211 112 
-1
1
60 186 1 6
1
3
340 96 -1 4
20
1
424 28 -2 4
1
-1
-1
0
1
215 161
1
216 -27 
1
216 13 
1
216 -7 
1
214 17 
1
154 -25 
1
152 -14 
1
152 -14 
1
151 -5 
1
151 -5 
1
197 37 
1
197 37 
1
211 92 
1
211 92 
-1
1
61 192 1 6
1
3
339 100 -1 4
20
1
422 32 -2 4
1
2
427 0 -2 4
5
-1
-1
0
1
215 161
1
216 13 
1
216 -27 
1
214 -3 
1
152 -14 
1
152 -34 
1
151 -25 
1
151 -25 
1
197 17 
1
197 17 
1
211 72 
1
211 72 
-1
1
62 198 1 6
1
3
338 104 -1 4
20
1
420 36 -2 4
1
2
425 4 -2 4
5
-1
-1
0
1
215 161
1
216 -7 
1
214 -3 
1
152 -34 
1
151 -25 
1
197 17 
1
197 -3 
1
211 52 
1
211 52 
1
215 111 
1
215 111 
-1
1
63 204 1 6
1
3
337 108 -1 4
20
1
418 40 -2 4
1
2
423 8 -2 4
5
-1
-1
0
1
215 161
1
216 -27 
1
214 -23 
1
151 -25 
1
197 -3 
1
197 -23 
1
211 32 
1
211 32 
1
215 91 
1
215 91 
-1
1
64 210 1 6
1
3
336 112 -1 4
20
1
416 44 -2 4
1
2
421 12 -2 4
5
-1
-1
0
1
215 161
1
214 -23 
1
197 -3 
1
211 32 
1
211 12 
1
215 71 
1
215 71 
-1
1
65 216 1 6
1
3
335 116 -1 4
20
1
414 48 -2 4
1
2
419 16 -2 4
5
-1
-1
0
1
215 161
1
197 -3 
1
211 12 
1
211 -8 
1
215 51 
1
215 51 
1
215 111 
1
215 111 
-1
1
66 222 1 6
1
3
334 120 -1 4
20
1
412 52 -2 4
1
2
417 20 -2 4
5
-1
-1
0
1
215 161
1
197 -23 
1
211 -8 
1
211 -28 
1
215 31 
1
215 31 
1
215 91 
1
215 91 
-1
1
67 228 1 6
1
3
333 124 -1 4
20
1
410 56 -2 4
1
2
415 24 -2 4
5
1
35 0 2 5
1
-1
-1
0
1
215 161
1
211 -8 
1
215 31 
1
215 11 
1
215 71 
1
215 71 
1
215 111 
1
215 111 
-1
1
68 234 1 6
1
3
332 128 -1 4
20
1
408 60 -2 4
1
2
413 28 -2 4
5
1
37 5 2 5
1
-1
-1
0
1
215 162
1
211 -28 
1
215 11 
1
215 -9 
1
215 51 
1
215 51 
1
215 91 
1
215 91 
-1
1
69 240 1 6
1
3
331 132 -1 4
20
1
406 64 -2 4
1
2
411 32 -2 4
5
1
39 10 2 5
1
-1
-1
0
1
218 166
1
215 11 
1
215 -29 
1
215 31 
1
215 31 
1
215 71 
1
215 71 
-1
1
70 246 1 6
1
3
330 136 -1 4
20
1
404 68 -2 4
1
2
409 36 -2 4
5
1
41 15 2 5
1
-1
-1
0
1
219 169
1
215 -9 
1
215 31 
1
215 11 
1
215 51 
1
215 51 
1
218 116 
1
218 116 
-1
1
71 252 1 6
1
3
329 140 -1 4
20
1
402 72 -2 4
1
2
407 40 -2 4
5
1
43 20 2 5
1
-1
-1
0
1
222 174
1
215 -29 
1
215 11 
1
215 -9 
1
215 31 
1
215 31 
1
218 96 
1
218 96 
-1
1
72 258 1 6
1
3
328 144 -1 4
20
1
400 76 -2 4
1
2
405 44 -2 4
5
1
45 25 2 5
1
-1
-1
0
1
231 185
1
215 11 
1
215 -29 
1
215 11 
1
215 11 
1
218 76 
1
218 76 
-1
1
73 264 1 6
1
3
327 148 -1 4
20
1
398 80 -2 4
1
2
403 48 -2 4
5
1
47 30 2 5
1
-1
-1
